[23087]
name = "23087"
size = [ 1920.0, 1088.0]
matrix = [ [ 1675.177001953125, 0.0, 937.21923828125], [ 0.0, 1675.005004875, 551.625244140625], [ 0.0, 0.0, 1.0]]
distortions = [ -0.000775453125, 0.00209934375, 7.921875e-06, 2.90625e-06]
rotation = [ -1.5978896486683183, 1.5630506362302277, -0.9322240103493246]
translation = [ 0.030756562747494984, 0.34923713305622467, 5.231669227605225]
fisheye = false

[28983]
name = "28983"
size = [ 1920.0, 1088.0]
matrix = [ [ 1679.52978515625, 0.0, 957.955078125], [ 0.0, 1679.4591064375, 539.879089359375], [ 0.0, 0.0, 1.0]]
distortions = [ -0.000728953125, 0.002090046875, 8.4375e-07, 5.515625e-06]
rotation = [ -0.8927693009159902, -2.0507357034746008, -1.510081488906144]
translation = [ 2.0342785580236504, -0.30761760404006067, 7.411977985293693]
fisheye = false

[28984]
name = "28984"
size = [ 1920.0, 1088.0]
matrix = [ [ 1677.99365234375, 0.0, 962.64947509375], [ 0.0, 1677.94226075, 529.385009765625], [ 0.0, 0.0, 1.0]]
distortions = [ -0.000680265625, 0.00201796875, -4.65625e-06, -3.1875e-06]
rotation = [ -1.434838281473249, -1.699227361185521, -1.4358067139488027]
translation = [ 0.895851626341246, -1.2130074118523964, 5.015441729627577]
fisheye = false

[metadata]
adjusted = false
error = 0.0
